Unsorted
[322, -751, 281, -768, -636, 469, 652, 523, 564, -886, -846, -578, -72, 451, 243]
[322, -751, 281, -768, -636, 469, 652, 523, 564, -886, -846, -578, -72, 451, 243]
[-768, -886, -846]
[-768, -846]
[-636, 469, 652, 523, 564, 281, 322, -578, -72, 451, 243]
[469, 652, 523, 564, 281, 322, -578, -72, 451, 243]
[469, 523, 564, 281, 322, -578, -72, 451, 243]
[-578, -72]
[281, 322, 469, 523, 451, 564]
[322, 469, 523, 451, 564]
[523, 469, 564]
Sorted
[-886, -846, -768, -751, -636, -578, -72, 243, 281, 322, 451, 469, 523, 564, 652]
Len: 15	Comparations: 229	Swaps:44	Time:13

Unsorted
[-1000, -866, -733, -600, -466, -333, -200, -66, 66, 200, 333, 466, 600, 733, 866]
[-1000, -866, -733, -600, -466, -333, -200, -66, 66, 200, 333, 466, 600, 733, 866]
[-1000, -866, -733, -600, -466, -333, -200, -66, 66, 200, 333, 466, 600, 733]
[-1000, -866, -733, -600]
[-1000, -866]
[-333, -200, -66, 66, 200, 333, 466, 600, 733]
[-333, -200, -66, 66, 200, 333]
[-333, -200, -66, 66]
[-333, -200, -66]
[600, 733]
Sorted
[-1000, -866, -733, -600, -466, -333, -200, -66, 66, 200, 333, 466, 600, 733, 866]
Len: 15	Comparations: 205	Swaps:79	Time:12

Unsorted
[1000, 866, 733, 600, 466, 333, 200, 66, -66, -200, -333, -466, -600, -733, -866]
[1000, 866, 733, 600, 466, 333, 200, 66, -66, -200, -333, -466, -600, -733, -866]
[-333, -466, -600, -733, -866]
[-600, -733, -866]
[-733, -866]
[200, 66, -66, 1000, 866, 733, 600, 466, 333]
[200, 1000, 866, 733, 600, 466, 333]
[200, 333]
[733, 600, 1000, 866]
[1000, 866]
Sorted
[-866, -733, -600, -466, -333, -200, -66, 66, 200, 333, 466, 600, 733, 866, 1000]
Len: 15	Comparations: 175	Swaps:41	Time:9

Len: 1000	Comparations: 33325	Swaps:10497	Time:129

Len: 1000	Comparations: 38536	Swaps:11631	Time:122

Len: 1000	Comparations: 36901	Swaps:10408	Time:122

Len: 5000	Comparations: 186721	Swaps:56896	Time:631

Len: 5000	Comparations: 198235	Swaps:60579	Time:584

Len: 5000	Comparations: 204754	Swaps:73377	Time:622

Len: 10000	Comparations: 379174	Swaps:127050	Time:1193

Len: 10000	Comparations: 392887	Swaps:120937	Time:821

Len: 10000	Comparations: 424231	Swaps:126027	Time:959

Len: 25000	Comparations: 965920	Swaps:330292	Time:2941

Len: 25000	Comparations: 1054300	Swaps:358949	Time:2755

Len: 25000	Comparations: 951415	Swaps:292939	Time:2159

Len: 50000	Comparations: 1894771	Swaps:627660	Time:6230

Len: 50000	Comparations: 1933954	Swaps:586561	Time:3762

Len: 50000	Comparations: 1944745	Swaps:650387	Time:3926

Len: 100000	Comparations: 3832654	Swaps:1299872	Time:12560

Len: 100000	Comparations: 4147771	Swaps:1142203	Time:7188

Len: 100000	Comparations: 4169989	Swaps:1525591	Time:9041

