Unsorted
[433, 416, -486, 328, 457, -686, 24, 869, 815, -45, 965, 706, -138, 547, 752]
[433, 416, -486, 328, 457, -686, 24, 869, 815, -45, 965, 706, -138, 547, 752]
[-686, 416, -486, 328, 457, 433, 24, 869, 815, -45, 965, 706, -138, 547, 752]
[-686, -486, 416, 328, 457, 433, 24, 869, 815, -45, 965, 706, -138, 547, 752]
[-686, -486, -138, 328, 457, 433, 24, 869, 815, -45, 965, 706, 416, 547, 752]
[-686, -486, -138, -45, 457, 433, 24, 869, 815, 328, 965, 706, 416, 547, 752]
[-686, -486, -138, -45, 24, 433, 457, 869, 815, 328, 965, 706, 416, 547, 752]
[-686, -486, -138, -45, 24, 328, 457, 869, 815, 433, 965, 706, 416, 547, 752]
[-686, -486, -138, -45, 24, 328, 416, 869, 815, 433, 965, 706, 457, 547, 752]
[-686, -486, -138, -45, 24, 328, 416, 433, 815, 869, 965, 706, 457, 547, 752]
[-686, -486, -138, -45, 24, 328, 416, 433, 457, 869, 965, 706, 815, 547, 752]
[-686, -486, -138, -45, 24, 328, 416, 433, 457, 547, 965, 706, 815, 869, 752]
[-686, -486, -138, -45, 24, 328, 416, 433, 457, 547, 706, 965, 815, 869, 752]
[-686, -486, -138, -45, 24, 328, 416, 433, 457, 547, 706, 752, 815, 869, 965]
[-686, -486, -138, -45, 24, 328, 416, 433, 457, 547, 706, 752, 815, 869, 965]
Sorted
[-686, -486, -138, -45, 24, 328, 416, 433, 457, 547, 706, 752, 815, 869, 965]
Comparations: 239	Swaps:14	Time:129
Unsorted
[-1000, -866, -733, -600, -466, -333, -200, -66, 66, 200, 333, 466, 600, 733, 866]
[-1000, -866, -733, -600, -466, -333, -200, -66, 66, 200, 333, 466, 600, 733, 866]
[-1000, -866, -733, -600, -466, -333, -200, -66, 66, 200, 333, 466, 600, 733, 866]
[-1000, -866, -733, -600, -466, -333, -200, -66, 66, 200, 333, 466, 600, 733, 866]
[-1000, -866, -733, -600, -466, -333, -200, -66, 66, 200, 333, 466, 600, 733, 866]
[-1000, -866, -733, -600, -466, -333, -200, -66, 66, 200, 333, 466, 600, 733, 866]
[-1000, -866, -733, -600, -466, -333, -200, -66, 66, 200, 333, 466, 600, 733, 866]
[-1000, -866, -733, -600, -466, -333, -200, -66, 66, 200, 333, 466, 600, 733, 866]
[-1000, -866, -733, -600, -466, -333, -200, -66, 66, 200, 333, 466, 600, 733, 866]
[-1000, -866, -733, -600, -466, -333, -200, -66, 66, 200, 333, 466, 600, 733, 866]
[-1000, -866, -733, -600, -466, -333, -200, -66, 66, 200, 333, 466, 600, 733, 866]
[-1000, -866, -733, -600, -466, -333, -200, -66, 66, 200, 333, 466, 600, 733, 866]
[-1000, -866, -733, -600, -466, -333, -200, -66, 66, 200, 333, 466, 600, 733, 866]
[-1000, -866, -733, -600, -466, -333, -200, -66, 66, 200, 333, 466, 600, 733, 866]
[-1000, -866, -733, -600, -466, -333, -200, -66, 66, 200, 333, 466, 600, 733, 866]
Sorted
[-1000, -866, -733, -600, -466, -333, -200, -66, 66, 200, 333, 466, 600, 733, 866]
Comparations: 239	Swaps:14	Time:112
Unsorted
[1000, 866, 733, 600, 466, 333, 200, 66, -66, -200, -333, -466, -600, -733, -866]
[1000, 866, 733, 600, 466, 333, 200, 66, -66, -200, -333, -466, -600, -733, -866]
[-866, 866, 733, 600, 466, 333, 200, 66, -66, -200, -333, -466, -600, -733, 1000]
[-866, -733, 733, 600, 466, 333, 200, 66, -66, -200, -333, -466, -600, 866, 1000]
[-866, -733, -600, 600, 466, 333, 200, 66, -66, -200, -333, -466, 733, 866, 1000]
[-866, -733, -600, -466, 466, 333, 200, 66, -66, -200, -333, 600, 733, 866, 1000]
[-866, -733, -600, -466, -333, 333, 200, 66, -66, -200, 466, 600, 733, 866, 1000]
[-866, -733, -600, -466, -333, -200, 200, 66, -66, 333, 466, 600, 733, 866, 1000]
[-866, -733, -600, -466, -333, -200, -66, 66, 200, 333, 466, 600, 733, 866, 1000]
[-866, -733, -600, -466, -333, -200, -66, 66, 200, 333, 466, 600, 733, 866, 1000]
[-866, -733, -600, -466, -333, -200, -66, 66, 200, 333, 466, 600, 733, 866, 1000]
[-866, -733, -600, -466, -333, -200, -66, 66, 200, 333, 466, 600, 733, 866, 1000]
[-866, -733, -600, -466, -333, -200, -66, 66, 200, 333, 466, 600, 733, 866, 1000]
[-866, -733, -600, -466, -333, -200, -66, 66, 200, 333, 466, 600, 733, 866, 1000]
[-866, -733, -600, -466, -333, -200, -66, 66, 200, 333, 466, 600, 733, 866, 1000]
Sorted
[-866, -733, -600, -466, -333, -200, -66, 66, 200, 333, 466, 600, 733, 866, 1000]
Comparations: 239	Swaps:14	Time:105
